5013596109
5014784707
1193683459
5014368584
5014221915
5014203640
5014209567
5014222369
5014209311
1192896157
5014736397
1189513131
1188505461
5014368541
5014262247
5014224132
1184369032
5014224035
5014523695
5014221672
5014196724
5014222261
5014197127
5014714547
5014223411
5013596184
5014601157
5014710118
5014900499
5015086531
5014222067
5014784669
5014966040
5014794133
5013596141
5014224299
5014968638
5014633121
5014529791
1192185960
5014736443
5013576981
5014634934
5015086809
5014261445
5014862821
5014206177
5014794087
1193683432
1193683441
1189378285
1191137911
5014832078
5014832019
5014213505
1191138411
1191138364
1182630213
1190631938
5014213491
1188734681
5014234120
5014198603
1134667679
5013541711
5013353346
5013353401
5013359140
5013359204
5013796981
5014518403
5014519132
5014519175
5014521901
5014521943
5015116210
5013704718
5014442610
5014442661
5014173384
5014825276
5014113624
5013771512
